20
2008-08-01T00:00:00

     0.00000000e+00     -9.02000000e+01      2.25000000e+01      1.46735191e+01      6.80282612e+01      1.01500000e+05      1.85200000e+05
     2.16000000e+04     -9.22000000e+01      2.25000000e+01      1.61703888e+01      6.65880035e+01      9.82000000e+04      9.26000000e+04
     4.32000000e+04     -9.11000000e+01      2.25000000e+01      1.71339722e+01      6.56779136e+01      9.50000000e+04      1.85200000e+05
     6.48000000e+04     -9.00000000e+01      2.25000000e+01      1.78200966e+01      6.50379387e+01      9.50000000e+04      1.85200000e+05
     8.64000000e+04     -8.99000000e+01      2.25000000e+01      1.94279405e+01      6.35642291e+01      9.50000000e+04      1.85200000e+05
     1.08000000e+05     -8.98000000e+01      2.25000000e+01      1.99603823e+01      6.30841627e+01      9.50000000e+04      1.85200000e+05
     1.29600000e+05     -8.97000000e+01      2.25000000e+01      2.21269284e+01      6.11709902e+01      9.50000000e+04      1.85200000e+05
     1.51200000e+05     -8.95000000e+01      2.25000000e+01      2.17873042e+01      6.14666579e+01      9.50000000e+04      1.85200000e+05
     1.72800000e+05     -8.85000000e+01      2.25000000e+01      2.31288199e+01      6.03078541e+01      9.50000000e+04      1.85200000e+05
     1.94400000e+05     -8.76000000e+01      2.25000000e+01      2.48442794e+01      5.88611551e+01      9.50000000e+04      1.85200000e+05
     2.16000000e+05     -8.70000000e+01      2.25000000e+01      2.54767801e+01      5.83375687e+01      9.50000000e+04      1.85200000e+05
     2.37600000e+05     -8.69000000e+01      2.25000000e+01      2.63515625e+01      5.76220435e+01      9.50000000e+04      1.85200000e+05
     2.59200000e+05     -8.68000000e+01      2.25000000e+01      2.80209365e+01      5.62840529e+01      9.50000000e+04      1.85200000e+05
     2.80800000e+05     -8.67000000e+01      2.25000000e+01      2.94316473e+01      5.51810902e+01      9.50000000e+04      1.85200000e+05
     3.02400000e+05     -8.66000000e+01      2.25000000e+01      2.85132677e+01      5.58962629e+01      9.50000000e+04      1.85200000e+05
     3.24000000e+05     -8.65000000e+01      2.25000000e+01      3.05987172e+01      5.42875140e+01      9.50000000e+04      1.85200000e+05
     3.45600000e+05     -8.64000000e+01      2.25000000e+01      2.97128096e+01      5.49642611e+01      9.50000000e+04      1.85200000e+05
     3.67200000e+05     -8.60000000e+01      2.25000000e+01      3.29545540e+01      5.25349475e+01      9.50000000e+04      1.85200000e+05
     3.88800000e+05     -8.59000000e+01      2.25000000e+01      3.38903160e+01      5.18574998e+01      9.50000000e+04      1.85200000e+05
     4.10400000e+05     -8.58000000e+01      2.25000000e+01      3.55052017e+01      5.07129317e+01      9.50000000e+04      1.85200000e+05
