20
2008-08-01T00:00:00

     0.00000000e+00     -9.02000000e+01      2.25000000e+01      1.53020219e+01      6.74195808e+01      1.01500000e+05      1.85200000e+05
     2.16000000e+04     -9.22000000e+01      2.25000000e+01      1.51023584e+01      6.76123257e+01      9.82000000e+04      9.26000000e+04
     4.32000000e+04     -9.11000000e+01      2.25000000e+01      1.61066987e+01      6.66486263e+01      9.50000000e+04      1.85200000e+05
     6.48000000e+04     -9.00000000e+01      2.25000000e+01      2.04960800e+01      6.26051208e+01      9.50000000e+04      1.85200000e+05
     8.64000000e+04     -8.99000000e+01      2.25000000e+01      1.99721347e+01      6.30736106e+01      9.50000000e+04      1.85200000e+05
     1.08000000e+05     -8.98000000e+01      2.25000000e+01      2.11725003e+01      6.20058815e+01      9.50000000e+04      1.85200000e+05
     1.29600000e+05     -8.97000000e+01      2.25000000e+01      2.06950804e+01      6.24281746e+01      9.50000000e+04      1.85200000e+05
     1.51200000e+05     -8.95000000e+01      2.25000000e+01      2.37515023e+01      5.97782008e+01      9.50000000e+04      1.85200000e+05
     1.72800000e+05     -8.85000000e+01      2.25000000e+01      2.21812807e+01      6.11238177e+01      9.50000000e+04      1.85200000e+05
     1.94400000e+05     -8.76000000e+01      2.25000000e+01      2.48210096e+01      5.88805182e+01      9.50000000e+04      1.85200000e+05
     2.16000000e+05     -8.70000000e+01      2.25000000e+01      2.61821316e+01      5.77598510e+01      9.50000000e+04      1.85200000e+05
     2.37600000e+05     -8.69000000e+01      2.25000000e+01      2.80603817e+01      5.62528699e+01      9.50000000e+04      1.85200000e+05
     2.59200000e+05     -8.68000000e+01      2.25000000e+01      2.79453277e+01      5.63438802e+01      9.50000000e+04      1.85200000e+05
     2.80800000e+05     -8.67000000e+01      2.25000000e+01      2.72044395e+01      5.69339927e+01      9.50000000e+04      1.85200000e+05
     3.02400000e+05     -8.66000000e+01      2.25000000e+01      3.01293994e+01      5.46448097e+01      9.50000000e+04      1.85200000e+05
     3.24000000e+05     -8.65000000e+01      2.25000000e+01      3.03974690e+01      5.44403908e+01      9.50000000e+04      1.85200000e+05
     3.45600000e+05     -8.64000000e+01      2.25000000e+01      2.94989817e+01      5.51290724e+01      9.50000000e+04      1.85200000e+05
     3.67200000e+05     -8.60000000e+01      2.25000000e+01      3.40288374e+01      5.17581081e+01      9.50000000e+04      1.85200000e+05
     3.88800000e+05     -8.59000000e+01      2.25000000e+01      3.17071761e+01      5.34544454e+01      9.50000000e+04      1.85200000e+05
     4.10400000e+05     -8.58000000e+01      2.25000000e+01      3.39625219e+01      5.18056621e+01      9.50000000e+04      1.85200000e+05
