20
2008-08-01T00:00:00

     0.00000000e+00     -9.02000000e+01      2.25000000e+01      1.60342265e+01      6.67176791e+01      1.01500000e+05      1.85200000e+05
     2.16000000e+04     -9.22000000e+01      2.25000000e+01      1.70604843e+01      6.57468548e+01      9.82000000e+04      9.26000000e+04
     4.32000000e+04     -9.11000000e+01      2.25000000e+01      1.73655292e+01      6.54611848e+01      9.50000000e+04      1.85200000e+05
     6.48000000e+04     -9.00000000e+01      2.25000000e+01      1.99820455e+01      6.30647136e+01      9.50000000e+04      1.85200000e+05
     8.64000000e+04     -8.99000000e+01      2.25000000e+01      1.85451499e+01      6.43688835e+01      9.50000000e+04      1.85200000e+05
     1.08000000e+05     -8.98000000e+01      2.25000000e+01      2.05072592e+01      6.25951661e+01      9.50000000e+04      1.85200000e+05
     1.29600000e+05     -8.97000000e+01      2.25000000e+01      2.09527347e+01      6.21998830e+01      9.50000000e+04      1.85200000e+05
     1.51200000e+05     -8.95000000e+01      2.25000000e+01      2.13773999e+01      6.18255983e+01      9.50000000e+04      1.85200000e+05
     1.72800000e+05     -8.85000000e+01      2.25000000e+01      2.27955841e+01      6.05934381e+01      9.50000000e+04      1.85200000e+05
     1.94400000e+05     -8.76000000e+01      2.25000000e+01      2.38373026e+01      5.97056248e+01      9.50000000e+04      1.85200000e+05
     2.16000000e+05     -8.70000000e+01      2.25000000e+01      2.53346997e+01      5.84547261e+01      9.50000000e+04      1.85200000e+05
     2.37600000e+05     -8.69000000e+01      2.25000000e+01      2.57225227e+01      5.81355566e+01      9.50000000e+04      1.85200000e+05
     2.59200000e+05     -8.68000000e+01      2.25000000e+01      2.67658052e+01      5.72866837e+01      9.50000000e+04      1.85200000e+05
     2.80800000e+05     -8.67000000e+01      2.25000000e+01      2.92809080e+01      5.52977469e+01      9.50000000e+04      1.85200000e+05
     3.02400000e+05     -8.66000000e+01      2.25000000e+01      3.08193925e+01      5.41204563e+01      9.50000000e+04      1.85200000e+05
     3.24000000e+05     -8.65000000e+01      2.25000000e+01      3.13735882e+01      5.37035647e+01      9.50000000e+04      1.85200000e+05
     3.45600000e+05     -8.64000000e+01      2.25000000e+01      3.17194258e+01      5.34453234e+01      9.50000000e+04      1.85200000e+05
     3.67200000e+05     -8.60000000e+01      2.25000000e+01      3.26291930e+01      5.27729644e+01      9.50000000e+04      1.85200000e+05
     3.88800000e+05     -8.59000000e+01      2.25000000e+01      3.40158418e+01      5.17674230e+01      9.50000000e+04      1.85200000e+05
     4.10400000e+05     -8.58000000e+01      2.25000000e+01      3.48888321e+01      5.11461518e+01      9.50000000e+04      1.85200000e+05
