20
2008-08-01T00:00:00

     0.00000000e+00     -9.02000000e+01      2.25000000e+01      1.44623945e+01      6.82340162e+01      1.01500000e+05      1.85200000e+05
     2.16000000e+04     -9.22000000e+01      2.25000000e+01      1.73660522e+01      6.54606962e+01      9.82000000e+04      9.26000000e+04
     4.32000000e+04     -9.11000000e+01      2.25000000e+01      1.65009219e+01      6.62743239e+01      9.50000000e+04      1.85200000e+05
     6.48000000e+04     -9.00000000e+01      2.25000000e+01      1.66792787e+01      6.61057111e+01      9.50000000e+04      1.85200000e+05
     8.64000000e+04     -8.99000000e+01      2.25000000e+01      2.04698850e+01      6.26284534e+01      9.50000000e+04      1.85200000e+05
     1.08000000e+05     -8.98000000e+01      2.25000000e+01      2.07213682e+01      6.24048408e+01      9.50000000e+04      1.85200000e+05
     1.29600000e+05     -8.97000000e+01      2.25000000e+01      2.16747682e+01      6.15649743e+01      9.50000000e+04      1.85200000e+05
     1.51200000e+05     -8.95000000e+01      2.25000000e+01      2.16623120e+01      6.15758672e+01      9.50000000e+04      1.85200000e+05
     1.72800000e+05     -8.85000000e+01      2.25000000e+01      2.50514257e+01      5.86890998e+01      9.50000000e+04      1.85200000e+05
     1.94400000e+05     -8.76000000e+01      2.25000000e+01      2.56751483e+01      5.81744392e+01      9.50000000e+04      1.85200000e+05
     2.16000000e+05     -8.70000000e+01      2.25000000e+01      2.60126869e+01      5.78980428e+01      9.50000000e+04      1.85200000e+05
     2.37600000e+05     -8.69000000e+01      2.25000000e+01      2.78747794e+01      5.63997690e+01      9.50000000e+04      1.85200000e+05
     2.59200000e+05     -8.68000000e+01      2.25000000e+01      2.74006802e+01      5.67770036e+01      9.50000000e+04      1.85200000e+05
     2.80800000e+05     -8.67000000e+01      2.25000000e+01      2.81467970e+01      5.61846243e+01      9.50000000e+04      1.85200000e+05
     3.02400000e+05     -8.66000000e+01      2.25000000e+01      2.97980971e+01      5.48986841e+01      9.50000000e+04      1.85200000e+05
     3.24000000e+05     -8.65000000e+01      2.25000000e+01      2.95292462e+01      5.51057108e+01      9.50000000e+04      1.85200000e+05
     3.45600000e+05     -8.64000000e+01      2.25000000e+01      3.12268971e+01      5.38135444e+01      9.50000000e+04      1.85200000e+05
     3.67200000e+05     -8.60000000e+01      2.25000000e+01      3.22968775e+01      5.30173927e+01      9.50000000e+04      1.85200000e+05
     3.88800000e+05     -8.59000000e+01      2.25000000e+01      3.43960173e+01      5.14957559e+01      9.50000000e+04      1.85200000e+05
     4.10400000e+05     -8.58000000e+01      2.25000000e+01      3.38219635e+01      5.19066284e+01      9.50000000e+04      1.85200000e+05
