20
2008-08-01T00:00:00

     0.00000000e+00     -9.02000000e+01      2.25000000e+01      1.51351043e+01      6.75806749e+01      1.01500000e+05      1.85200000e+05
     2.16000000e+04     -9.22000000e+01      2.25000000e+01      1.42185891e+01      6.84724301e+01      9.82000000e+04      9.26000000e+04
     4.32000000e+04     -9.11000000e+01      2.25000000e+01      1.77247245e+01      6.51264968e+01      9.50000000e+04      1.85200000e+05
     6.48000000e+04     -9.00000000e+01      2.25000000e+01      1.74665222e+01      6.53668976e+01      9.50000000e+04      1.85200000e+05
     8.64000000e+04     -8.99000000e+01      2.25000000e+01      1.99520531e+01      6.30916423e+01      9.50000000e+04      1.85200000e+05
     1.08000000e+05     -8.98000000e+01      2.25000000e+01      1.79122922e+01      6.49524524e+01      9.50000000e+04      1.85200000e+05
     1.29600000e+05     -8.97000000e+01      2.25000000e+01      2.19262210e+01      6.13455314e+01      9.50000000e+04      1.85200000e+05
     1.51200000e+05     -8.95000000e+01      2.25000000e+01      2.28502519e+01      6.05464853e+01      9.50000000e+04      1.85200000e+05
     1.72800000e+05     -8.85000000e+01      2.25000000e+01      2.37688637e+01      5.97635073e+01      9.50000000e+04      1.85200000e+05
     1.94400000e+05     -8.76000000e+01      2.25000000e+01      2.56812587e+01      5.81694225e+01      9.50000000e+04      1.85200000e+05
     2.16000000e+05     -8.70000000e+01      2.25000000e+01      2.58503690e+01      5.80307728e+01      9.50000000e+04      1.85200000e+05
     2.37600000e+05     -8.69000000e+01      2.25000000e+01      2.60459591e+01      5.78708780e+01      9.50000000e+04      1.85200000e+05
     2.59200000e+05     -8.68000000e+01      2.25000000e+01      2.77567122e+01      5.64934448e+01      9.50000000e+04      1.85200000e+05
     2.80800000e+05     -8.67000000e+01      2.25000000e+01      2.71238903e+01      5.69985739e+01      9.50000000e+04      1.85200000e+05
     3.02400000e+05     -8.66000000e+01      2.25000000e+01      2.95914251e+01      5.50577499e+01      9.50000000e+04      1.85200000e+05
     3.24000000e+05     -8.65000000e+01      2.25000000e+01      2.73848409e+01      5.67896564e+01      9.50000000e+04      1.85200000e+05
     3.45600000e+05     -8.64000000e+01      2.25000000e+01      3.11516021e+01      5.38700985e+01      9.50000000e+04      1.85200000e+05
     3.67200000e+05     -8.60000000e+01      2.25000000e+01      3.18822918e+01      5.33242166e+01      9.50000000e+04      1.85200000e+05
     3.88800000e+05     -8.59000000e+01      2.25000000e+01      3.41552545e+01      5.16676012e+01      9.50000000e+04      1.85200000e+05
     4.10400000e+05     -8.58000000e+01      2.25000000e+01      3.39689552e+01      5.18010466e+01      9.50000000e+04      1.85200000e+05
